%YAML:1.0
K1: !!opencv-matrix
   rows: 3
   cols: 3
   dt: d
   data: [ 2.2628640462906287e+02, 0., 4.8544858197434638e+02, 0.,
       2.2617647798409757e+02, 2.9336484464217608e+02, 0., 0., 1. ]
D1: [ 2.6964098096173537e-02, -6.4703963696285420e-03, 0., 0. ]
