%YAML:1.0
K1: !!opencv-matrix
   rows: 3
   cols: 3
   dt: d
   data: [ 2.2583017659132059e+02, 0., 4.8102676591467502e+02, 0.,
       2.2577344200989467e+02, 3.0027841304928967e+02, 0., 0., 1. ]
D1: [ 2.3894502865925652e-02, -6.0228704924915125e-03, 0., 0. ]
